T10_ORE|10|2004|334,-84,416,60,62,57,57|668,-132,104,172,42,41,38|1002,-84,416,60,83,81,76|1336,92,80,136,70,69,64|1670,-116,48,-228,157,157,157
T9_TREE|9|3105|517,-180,768,-100,84,58,43|1034,-196,808,-56,35,45,34|1551,-208,692,-104,43,55,42|2068,-180,764,96,51,48,47|2585,-180,768,-100,75,74,69
T4_TREE|4|1800|300,-200,348,-248,85,78,78|600,-192,792,-248,73,69,67|900,-184,896,112,97,97,75|1200,-220,652,204,91,73,95|1500,-204,788,-156,59,40,62
T9_TREE_2|9|3078|513,-180,772,-108,65,78,84|1026,-232,276,48,103,111,112|1539,-200,408,92,78,101,102|2052,-252,972,36,43,55,42|2565,-244,808,-60,134,47,41
T10_TREE|10|2496|416,-172,260,72,73,56,62|832,-212,536,108,95,73,80|1248,-172,540,-256,61,79,96|1664,-172,824,44,57,83,90|2080,-228,868,164,102,66,104
T9_ORE|9|2025|337,-140,76,168,57,55,52|674,-240,4,4,51,50,47|1011,32,60,172,42,41,38|1348,-4,100,192,42,41,38|1685,-244,28,-184,157,157,157
T7_TREE|7|2322|387,-204,224,-80,94,77,29|774,-172,776,-164,75,58,48|1161,-188,424,-148,73,109,115|1548,-188,828,-36,47,61,61|1935,-188,864,24,90,69,57
FISHING_SPOT|0|9|1,-39,9,21,193,185,184|2,1,9,1,193,185,184|3,-39,9,-19,193,185,184|4,252,4,-252,193,185,184|5,252,4,252,193,185,184
T10_HERB|10|2664|444,-136,324,-4,132,128,84|888,68,656,-84,98,154,151|1332,200,56,140,51,48,47|1776,160,92,-40,147,147,147|2220,-40,160,32,50,59,78
T8_TREE|8|2109|351,-192,352,-104,151,162,164|702,-192,200,-16,47,61,61|1053,-188,616,-40,97,89,75|1404,-192,696,224,62,81,82|1755,-196,680,-140,116,126,96
T9_HERB|9|2439|406,20,412,0,36,30,23|812,-108,616,-12,39,45,34|1218,-32,240,84,75,63,48|1624,-16,52,-100,72,50,46|2030,-160,68,-48,147,147,147
T3_ORE|3|2085|347,112,376,-88,68,62,62|694,0,332,-148,54,50,49|1041,-64,196,204,54,50,49|1388,-84,304,196,82,60,33|1735,92,40,-240,157,157,157
T3_HERB|3|2391|398,4,184,-16,87,95,73|796,-108,32,-92,55,49,64|1194,20,52,236,147,147,147|1592,-124,132,-8,94,100,76|1990,60,548,120,98,107,82
T1_ORE|1|2112|352,148,44,108,51,47,47|704,116,84,-100,19,18,17|1056,-56,320,84,68,62,62|1408,56,328,104,57,40,62|1760,-248,20,52,157,157,157
T4_TREE_2|4|1806|301,-188,348,-256,93,101,101|602,-228,396,32,92,92,71|903,-192,824,108,34,43,45|1204,-212,848,-52,70,58,54|1505,-188,348,-256,114,120,124
T5_TREE|5|2199|366,-192,352,104,146,157,159|732,-188,348,-160,96,119,126|1098,-192,772,-248,57,86,90|1464,-188,624,72,52,78,82|1830,-208,340,76,107,122,78
T2_ORE|2|2094|349,-12,344,-60,68,62,62|698,8,76,-148,27,25,25|1047,128,264,28,54,50,49|1396,176,112,8,60,64,65|1745,244,20,244,157,157,157
T10_HERB_2|10|2688|448,-84,748,32,142,137,90|896,-88,576,0,57,135,138|1344,4,504,16,44,52,69|1792,244,32,172,147,147,147|2240,8,508,-12,65,76,102
T10_TREE_2|10|2709|451,-124,572,-228,34,26,26|902,-124,572,-60,41,32,32|1353,-116,548,-96,84,65,71|1804,-132,320,160,73,56,62|2255,-192,888,-12,73,48,75
T9_ORE_2|9|2013|335,-164,176,-32,70,69,64|670,104,360,40,65,63,60|1005,-92,308,60,51,50,47|1340,-8,448,88,132,142,144|1675,176,116,144,183,31,16
LARGE_CHEST|0|1908|318,-188,84,-116,65,63,60|636,128,84,180,65,63,60|954,140,168,-140,84,92,90|1272,152,448,80,117,106,89|1590,-60,360,128,53,75,48
T9_TREE_3|9|2907|484,-164,144,-76,25,21,19|968,-168,56,-172,67,63,52|1452,-140,184,-80,84,58,43|1936,-188,424,92,76,97,75|2420,-176,316,-144,72,92,71
T9_HERB_2|9|2463|410,20,412,0,36,30,23|820,-108,616,-12,30,34,26|1230,36,4,-20,54,59,37|1640,16,304,20,75,63,48|2050,232,44,44,147,147,147
SMALL_CHEST|0|1830|305,244,20,244,147,147,147|610,-188,84,-116,65,63,60|915,68,128,-108,114,89,88|1220,-4,300,108,178,168,167|1525,-100,308,-92,67,73,71
T10_ORE_2|10|2043|340,116,36,-192,65,63,60|680,-184,332,-4,83,81,76|1020,232,44,-40,51,50,47|1360,4,96,160,56,36,35|1700,168,68,140,183,31,16
T3_ORE_2|3|2154|359,-40,52,-200,54,50,49|718,184,124,88,48,44,44|1077,44,204,124,68,62,62|1436,56,244,120,63,46,26|1795,-84,96,224,183,31,16
T6_ORE|6|2154|359,184,0,124,65,63,60|718,-68,172,180,51,50,47|1077,0,436,88,51,50,47|1436,84,480,192,102,102,53|1795,-84,96,224,183,31,16
T7_TREE_2|7|2562|427,-88,532,176,52,40,43|854,-156,404,-60,34,28,26|1281,-108,788,204,66,50,42|1708,-192,348,-120,66,50,42|2135,-192,940,92,45,48,4
T5_TREE_2|5|2061|343,-104,864,-100,55,45,42|686,-164,104,236,21,17,16|1029,-144,660,-44,89,102,65|1372,-112,696,-136,73,75,48|1715,-184,1000,32,76,71,58
T1_TREE|1|1899|316,-140,500,-88,41,32,34|632,-104,880,-92,48,44,44|948,-176,404,32,137,105,110|1264,-140,652,52,79,60,63|1580,-184,940,52,61,57,47
T10_TREE_3|10|3279|546,-172,464,44,55,49,42|1092,-176,952,72,52,40,40|1638,-180,348,156,48,44,44|2184,-200,152,24,79,60,67|2730,-196,356,-76,93,61,96
T3_HERB_2|3|1689|281,76,4,100,53,48,63|562,12,324,-16,96,86,113|843,36,40,-84,63,57,74|1124,244,20,252,147,147,147|1405,148,68,-36,85,13,7
T10_TREE_4|10|2709|451,-124,804,-228,33,25,25|902,-124,804,-60,40,31,30|1353,-116,765,-96,83,63,70|1804,-132,567,160,72,55,60|2255,-192,1248,-12,72,46,74
T2_ORE_2|2|2151|358,60,0,168,30,28,27|716,72,328,36,30,28,27|1074,4,388,48,74,68,67|1432,-188,56,-60,48,51,52|1790,4,64,216,182,29,16
T4_ORE|4|2115|352,32,424,108,79,72,72|704,72,64,208,58,53,53|1056,-72,272,140,40,37,37|1408,80,252,128,60,66,61|1760,4,64,216,182,29,16
T5_HERB|5|2373|395,-128,316,80,54,72,37|790,-120,304,76,36,37,47|1185,100,220,-20,74,85,65|1580,76,88,16,46,61,31|1975,-192,88,52,147,147,147
T7_HERB|7|2424|404,-24,4,48,38,61,43|808,24,456,32,52,69,54|1212,36,44,68,0,0,0|1616,44,524,-28,41,147,206|2020,-220,88,-4,147,147,147
T2_HERB|2|2475|412,128,92,16,48,58,36|824,120,332,-88,70,80,50|1236,-44,468,28,129,128,66|1648,72,448,-12,89,105,66|2060,172,88,-28,147,147,147
T4_TREE_3|4|2166|361,-116,460,76,60,46,49|722,-144,104,84,24,20,18|1083,-120,820,108,77,77,59|1444,-148,932,204,63,59,48|1805,-152,816,120,51,34,54
T6_TREE|6|2442|407,-140,476,244,50,38,41|814,-132,176,-56,33,27,25|1221,-172,48,84,30,39,40|1628,-164,380,140,50,49,38|2035,-116,896,-140,69,88,90
T8_TREE_2|8|1926|321,-148,296,-16,44,36,33|642,-128,320,-136,24,20,18|963,-140,576,68,110,100,84|1284,-148,156,60,66,60,50|1605,-168,1020,256,85,79,65
T9_TREE_4|9|3093|515,-180,768,-76,82,56,42|1030,-256,988,64,31,40,30|1545,-224,760,-52,37,47,36|2060,-184,804,76,63,60,58|2575,-184,804,76,71,68,65
T1_TREE_2|1|1824|304,-196,140,8,54,41,43|608,-208,548,-88,84,81,76|912,-204,552,88,83,63,66|1216,-236,720,152,46,60,55|1520,-232,896,96,129,124,118
T7_ORE|7|2040|340,68,220,104,63,62,58|680,200,4,-236,55,54,50|1020,192,116,8,49,48,45|1360,32,360,72,88,86,81|1700,32,52,236,157,157,157
T4_TREE_4|4|1809|301,-244,260,-248,103,94,79|602,-204,564,-76,97,93,89|903,-168,524,148,77,77,59|1204,-224,596,-20,121,96,126|1505,-220,576,200,79,63,83
T3_TREE|3|2574|429,-196,144,-116,33,37,44|858,-200,344,-124,43,49,57|1287,-188,712,-184,100,89,77|1716,-204,440,100,52,59,69|2145,-224,400,88,79,126,107
T7_TREE_3|7|2316|386,-204,216,-76,54,47,27|772,-188,400,-60,103,91,79|1158,-204,664,88,74,56,46|1544,-216,540,-248,49,48,45|1930,-172,896,-196,91,69,58
T6_TREE_2|6|2193|365,-192,148,-52,46,58,60|730,-172,432,256,63,60,48|1095,-176,544,100,61,77,80|1460,-188,348,-256,110,108,101|1825,-236,728,-204,101,78,52
T10_TREE_5|10|2496|416,-216,268,-60,90,69,76|832,-188,432,248,84,81,76|1248,-172,640,160,85,65,72|1664,-196,348,164,110,108,101|2080,-228,868,164,100,65,103
T6_HERB|6|2352|392,56,64,16,52,36,15|784,-232,44,-172,52,50,48|1176,-168,68,104,147,147,147|1568,36,324,40,145,115,59|1960,-172,236,-44,164,130,66
T9_TREE_5|9|3093|515,-180,1105,-76,82,56,42|1030,-256,1468,64,31,40,30|1545,-224,1180,-52,37,47,36|2060,-184,1149,76,63,60,58|2575,-184,1149,76,71,68,65
T3_ORE_3|3|2085|347,-4,148,-176,52,48,48|694,80,192,112,40,37,37|1041,52,448,-68,58,53,53|1388,160,240,80,119,88,48|1735,96,88,-212,157,157,157
T10_ORE_3|10|2004|334,16,112,-208,76,74,70|668,152,128,76,63,62,58|1002,112,376,-104,40,39,37|1336,20,368,84,76,74,70|1670,0,92,-228,157,157,157
T10_HERB_3|10|2664|444,-136,324,-4,131,126,83|888,68,656,-84,96,152,150|1332,200,56,140,49,47,45|1776,148,64,200,147,147,147|2220,-40,160,32,48,57,77
T9_ORE_3|9|2025|337,-116,144,-140,55,54,50|674,-92,96,-180,49,48,45|1011,-148,228,112,55,54,50|1348,-92,148,-192,40,39,37|1685,248,20,184,157,157,157
T9_TREE_6|9|3228|538,-220,376,40,115,110,105|1076,-188,820,-28,63,58,58|1614,-204,988,-80,104,101,95|2152,-256,324,84,44,57,43|2690,-224,316,-108,62,80,61
T1_ORE_2|1|2112|352,-40,288,-124,71,65,65|704,-84,184,92,18,17,17|1056,120,232,64,18,17,17|1408,128,220,4,55,38,61|1760,4,32,-248,157,157,157
T6_TREE_3|6|2715|452,-188,460,72,60,53,46|904,-228,744,208,145,157,81|1356,-168,688,88,55,69,72|1808,-204,416,24,57,72,74|2260,-176,296,4,55,51,50
T9_HERB_3|9|2439|406,12,560,8,67,56,42|812,0,504,16,13,15,11|1218,68,140,-76,91,76,58|1624,52,56,220,40,38,37|2030,-212,68,0,147,147,147
T1_TREE_3|1|2511|418,-168,220,-104,49,49,45|836,-160,404,-64,46,43,42|1254,-176,312,44,40,30,39|1672,-176,296,-108,117,89,94|2090,-196,920,-192,84,76,77
T4_TREE_5|4|2328|388,116,468,-52,46,27,23|776,-32,492,-4,59,67,42|1164,-104,160,-12,0,0,0|1552,160,72,-172,66,63,60|1940,0,68,160,147,147,147
T4_ORE_2|4|2034|339,16,128,-208,58,53,53|678,164,0,156,58,53,53|1017,-224,60,-72,58,53,53|1356,-88,352,-16,79,72,72|1695,-160,92,172,157,157,157
T2_HERB_2|2|2451|408,-68,52,-56,113,113,71|816,-68,52,-56,131,130,83|1224,224,32,-224,147,147,147|1632,-212,68,0,30,29,27|2040,28,408,40,47,54,34
T10_TREE_6|10|2484|414,-172,322,68,54,41,45|828,-216,957,-248,55,54,50|1242,-172,962,160,85,65,72|1656,-192,1132,-248,71,68,65|2070,-228,1271,200,92,59,94
T3_TREE_2|3|2562|427,-152,108,-152,33,37,44|854,-200,344,-124,43,49,57|1281,-212,520,16,88,84,81|1708,-212,348,88,52,59,69|2135,-232,584,-172,73,95,88
T6_TREE_4|6|2112|352,-152,144,-60,38,49,50|704,-176,536,-56,55,54,50|1056,-200,564,76,52,66,69|1408,-200,772,248,71,68,65|1760,-200,764,12,67,85,88
T10_TREE_7|10|2484|414,-172,0,68,54,41,45|828,-216,552,-248,55,54,50|1242,-172,640,160,85,65,72|1656,-192,772,-248,71,68,65|2070,-228,844,200,92,59,94
T1_TREE_4|1|1815|302,-152,132,52,54,41,43|604,-204,364,244,55,54,50|906,-196,348,-32,69,52,55|1208,-228,732,228,135,176,163|1510,-228,992,252,63,62,58
T2_TREE|2|2892|482,-200,244,256,46,45,42|964,-216,376,76,115,110,105|1446,-196,560,248,49,49,45|1928,-164,976,-8,46,42,46|2410,-184,32,28,58,48,36
T3_TREE_3|3|3264|544,-172,548,52,50,45,38|1088,-204,248,88,77,82,100|1632,-180,236,112,46,51,60|2176,-204,384,52,76,73,70|2720,-192,384,-56,71,68,65
T8_TREE_3|8|2358|393,-176,868,160,61,56,56|786,-164,636,-104,88,80,67|1179,-164,820,120,113,102,86|1572,-196,952,-160,83,75,63|1965,-200,244,256,49,47,45
T5_TREE_3|5|2514|419,-236,660,-44,87,100,63|838,-192,460,-232,40,37,37|1257,-220,28,-64,83,86,54|1676,-196,948,144,83,75,63|2095,-140,104,60,61,56,56
T8_ORE|8|2118|353,56,512,-40,78,76,71|706,-68,512,0,101,99,93|1059,12,240,132,51,50,47|1412,-152,356,68,54,57,84|1765,240,40,96,157,157,157
T8_ORE_2|8|2157|359,84,312,92,63,62,58|718,52,228,-136,63,62,58|1077,-160,368,36,49,48,45|1436,184,236,20,52,56,83|1795,-84,96,224,182,29,16
T8_ORE_3|8|2118|353,180,56,-96,55,54,50|706,144,308,-24,81,79,74|1059,-4,148,-176,63,62,58|1412,24,344,112,34,36,54|1765,80,88,-228,157,157,157
T1_HERB|1|2310|385,36,400,-84,80,90,105|770,-80,16,-36,105,118,137|1155,-56,424,-16,98,110,128|1540,-236,40,-92,147,147,147|1925,-172,68,80,47,37,29
T6_TREE_5|6|2196|366,-204,120,44,78,86,85|732,-176,524,52,52,66,69|1098,-172,540,256,50,68,80|1464,-172,348,-256,57,73,74|1830,-228,756,-240,94,78,59
T10_DINO|10|3012|502,216,404,28,47,41,53|1004,0,644,244,60,52,69|1506,-168,552,16,47,41,53|2008,80,620,144,47,41,53|2510,48,176,-528,47,41,53
T5_ORE|5|1995|332,48,4,-180,56,55,51|664,-88,296,-16,77,75,71|996,140,152,92,50,49,46|1328,60,364,108,77,73,79|1660,8,4,-256,157,157,157
T6_ORE_2|6|2097|349,160,100,-60,64,63,59|698,-104,172,172,69,68,64|1047,112,248,56,50,49,46|1396,28,312,112,101,101,52|1745,244,20,244,157,157,157

T3_TREE|3|2571|428,-204,100,128,109,120,118|856,-228,212,-48,99,117,129|1284,-196,632,-132,74,99,117|1712,-212,348,88,60,67,78|2140,-208,824,-40,31,38,41
V2|T10_ORE_2|10|2043|476,344,432|93,65,61|17,0,0,0,4,0,0,3|15,4,0,5|190
V2|T10_HERB_2|10|2688|512,808,460|75,79,82|16,0,0,1,1,0,3,3|11,6,2,5|141
V2|T10_TREE_2|10|2709|152,944,428|63,45,52|24,0,0,0,0,0,0,0|8,5,1,10|126
V2|SMALL_CHEST|0|1830|444,368,444|92,86,83|19,0,0,0,0,0,0,5|11,3,5,5|152
V2|T10_TREE_4|10|2709|152,978,428|63,45,52|24,0,0,0,0,0,0,0|9,4,6,5|126
V2|T9_ORE_2|9|2013|492,428,416|88,68,64|17,0,0,0,3,0,0,4|10,7,3,4|167
V2|FISHING_SPOT|0|9|504,5,504|193,184,184|0,0,0,0,0,0,0,24|13,0,0,11|215
T3_TREE|3|2559|426,-116,388,128,40,31,31|852,-132,156,-20,29,24,22|1278,-136,556,-72,55,62,72|1704,-108,720,-48,63,71,83|2130,-224,548,-132,71,93,86
V2|T3_TREE|3|2559|160,1024,512|56,59,57|22,0,2,0,0,0,0,0|6,5,9,4|120
V2|T9_HERB_2|9|2463|456,683,468|80,64,54|19,0,0,0,2,0,0,3|14,4,3,3|123
V2|T8_ORE|8|2118|444,492,476|80,80,82|18,0,0,0,0,0,0,6|8,9,5,2|177
V2|T10_ORE|10|2004|468,392,468|74,70,68|20,0,0,0,0,0,0,4|13,4,2,5|197
V2|T10_TREE|10|2496|68,932,504|86,77,91|20,2,0,0,0,1,0,1|5,3,8,8|110
V2|T4_TREE_2|4|1806|104,976,512|73,76,81|23,0,0,0,0,0,0,1|5,2,9,8|132
V2|T9_ORE|9|2025|496,400,492|78,77,75|19,0,0,0,0,0,0,5|11,6,3,4|200
V2|T9_TREE_2|9|3078|124,988,472|57,65,59|24,0,0,0,0,0,0,0|5,9,1,9|123
V2|LARGE_CHEST|0|1908|488,460,464|103,99,90|17,0,0,0,3,0,0,4|9,5,2,8|196
V2|T2_ORE|2|2094|404,352,424|76,75,76|18,0,0,0,0,0,0,6|13,4,5,2|158
V2|T3_TREE|3|2571|88,980,512|65,74,81|23,0,0,0,0,0,0,1|6,7,4,7|128
V2|T3_ORE|3|2085|480,508,432|87,79,72|18,0,0,0,1,0,0,5|9,5,4,6|161
V2|T9_HERB|9|2439|416,616,452|81,78,67|19,0,0,0,0,0,0,5|15,4,2,3|126
V2|T7_ORE|7|2040|440,324,444|77,76,75|20,0,0,0,0,0,0,4|7,8,3,6|167
V2|T7_HERB|7|2424|480,492,360|63,77,74|18,0,0,1,0,0,0,5|13,4,0,7|134
V2|T10_TREE_3|10|3279|96,852,464|76,60,66|23,0,0,0,0,0,0,1|5,10,0,9|121
V2|T10_ORE_3|10|2004|488,468,440|79,76,74|19,0,0,0,0,0,0,5|11,1,7,5|182
V2|T9_HERB_3|9|2439|512,712,500|86,83,71|18,0,0,0,0,0,0,6|13,5,1,5|147
V2|T1_TREE_3|1|2511|128,972,512|65,62,59|24,0,0,0,0,0,0,0|6,6,5,7|121
V2|T8_ORE_3|8|2118|456,444,472|82,81,82|19,0,0,0,0,0,0,5|9,3,7,5|187
V2|T9_ORE_3|9|2025|460,476,472|77,76,74|20,0,0,0,0,0,0,4|11,6,3,4|184
T5_ORE|5|2052|342,-116,180,12,56,54,51|684,56,120,120,41,40,37|1026,-68,316,52,56,54,51|1368,-84,308,104,77,72,79|1710,4,64,216,182,30,16
T1_TREE|1|1815|302,-188,52,-36,109,119,118|604,-176,428,16,111,85,86|906,-216,648,-248,56,76,89|1208,-176,848,-72,39,58,61|1510,-212,1024,104,0,0,0
T6_TREE|6|2196|366,-204,120,44,79,86,85|732,-176,524,52,53,67,69|1098,-172,540,256,51,68,80|1464,-172,348,-256,57,74,75|1830,-228,756,-240,95,79,60
T10_HERB|10|2664|444,-136,324,-4,131,126,83|888,68,656,-84,96,152,150|1332,200,56,140,50,47,46|1776,160,92,-40,147,147,147|2220,-40,160,32,49,58,77
T7_TREE|7|2322|387,-204,224,-80,92,76,28|774,-172,776,-164,74,56,47|1161,-188,424,-148,72,108,114|1548,-188,828,-36,46,60,60|1935,-188,864,24,89,68,56
T4_ORE|4|2034|339,104,380,-24,72,66,66|678,28,448,-72,82,75,75|1017,136,48,-164,41,37,37|1356,-56,376,96,61,66,61|1695,-220,48,216,157,157,157
T9_DINO|9|3012|502,0,272,-536,80,52,51|1004,52,228,-572,151,120,61|1506,8,420,-400,58,38,37|2008,-16,488,356,58,38,37|2510,48,176,-528,58,38,37
T4_DINO|4|3012|502,0,304,-488,92,104,53|1004,-36,180,-588,92,104,53|1506,292,144,172,78,89,46|2008,0,412,444,92,104,53|2510,48,176,-528,78,89,46
V2|T10_HERB|10|2664|500,792,420|70,85,90|15,0,0,2,2,0,1,4|11,5,4,4|151
T1_ORE|1|2112|352,148,44,108,50,46,46|704,116,84,-100,18,17,17|1056,-56,320,84,66,61,61|1408,56,328,104,56,39,61|1760,-248,20,52,157,157,157
T4_ORE|4|2115|352,32,424,108,79,73,72|704,72,64,208,58,54,53|1056,-72,272,140,41,37,37|1408,80,252,128,61,66,61|1760,4,64,216,182,30,16
T8_TREE|8|1926|321,-148,296,-16,44,36,33|642,-128,320,-136,25,20,19|963,-140,576,68,111,101,85|1284,-148,156,60,66,60,51|1605,-168,1020,256,86,80,65
T8_ORE|8|2157|359,84,312,92,64,62,58|718,52,228,-136,64,62,58|1077,-160,368,36,50,49,46|1436,184,236,20,53,56,83|1795,-84,96,224,182,30,16
T7_ORE|7|1950|325,-12,224,116,56,54,51|650,100,148,-16,56,54,51|975,56,356,-56,89,86,81|1300,-64,172,108,41,44,65|1625,48,68,-224,182,30,16
T9_TREE|9|2907|484,-164,144,-76,25,20,19|968,-168,56,-172,66,62,51|1452,-140,184,-80,82,57,42|1936,-188,424,92,75,96,73|2420,-176,316,-144,71,91,69
T1_TREE|1|1899|316,-140,500,-88,40,31,33|632,-104,880,-92,47,43,43|948,-176,404,32,136,104,108|1264,-140,652,52,78,59,62|1580,-184,940,52,60,56,46
T3_DINO|3|3012|502,40,400,-288,88,106,81|1004,0,220,604,133,136,104|1506,80,156,-356,64,78,59|2008,0,636,256,64,78,59|2510,48,176,-528,64,78,59
T2_TREE|2|2457|409,-124,824,-156,51,42,39|818,-136,304,140,40,33,31|1227,-164,108,-76,40,33,31|1636,-116,624,-108,103,89,65|2045,-256,0,4,58,48,37
V2|T7_ORE|7|1950|460,356,396|98,78,75|17,0,0,0,3,0,0,4|8,6,4,6|154
V2|T2_TREE|2|2457|148,972,392|50,47,40|24,0,0,0,0,0,0,0|6,6,5,7|83
V2|T7_TREE|7|2322|68,872,468|71,72,63|21,3,0,0,0,0,0,0|4,6,5,9|128
T2_TREE|2|2433|405,-204,644,84,77,64,49|810,-212,816,148,64,124,77|1215,-220,252,148,89,85,81|1620,-180,704,-140,58,56,53|2025,-168,552,56,47,46,43
T9_TREE|9|3105|517,-180,768,-100,82,57,42|1034,-196,808,-56,34,44,33|1551,-208,692,-104,42,54,41|2068,-180,764,96,50,47,46|2585,-180,768,-100,74,72,68
T1_DINO|1|3012|502,40,400,-288,148,151,115|1004,-36,192,-564,135,138,105|1506,12,392,-380,127,129,99|2008,-16,488,356,127,129,99|2510,48,176,-528,127,129,99
T10_TREE|10|2496|416,-216,268,-60,91,69,77|832,-188,432,248,84,82,77|1248,-172,640,160,86,65,72|1664,-196,348,164,111,108,101|2080,-228,868,164,100,65,103
T9_TREE|9|3093|515,-180,768,-76,82,57,42|1030,-256,988,64,32,40,31|1545,-224,760,-52,37,47,36|2060,-184,804,76,64,61,58|2575,-184,804,76,72,68,66
T3_TREE|3|2574|429,-196,144,-116,33,38,44|858,-200,344,-124,44,49,57|1287,-188,712,-184,101,90,77|1716,-204,440,100,53,59,69|2145,-224,400,88,80,126,108
T1_TREE|1|1824|304,-196,140,8,54,41,43|608,-208,548,-88,84,82,77|912,-204,552,88,83,63,66|1216,-236,720,152,46,60,56|1520,-232,896,96,129,124,118
T4_TREE|4|1809|301,-244,260,-248,103,94,79|602,-204,564,-76,98,93,89|903,-168,524,148,78,77,59|1204,-224,596,-20,122,97,127|1505,-220,576,200,80,63,83
T9_TREE|9|3228|538,-220,376,40,115,110,105|1076,-188,820,-28,64,59,58|1614,-204,988,-80,104,101,96|2152,-256,324,84,45,57,44|2690,-224,316,-108,63,80,61
T3_TREE|3|3264|544,-172,548,52,51,45,39|1088,-204,248,88,77,82,101|1632,-180,236,112,46,52,60|2176,-204,384,52,77,74,70|2720,-192,384,-56,72,69,66
T10_HERB|10|2664|444,-136,324,-4,131,126,83|888,68,656,-84,96,152,150|1332,200,56,140,50,47,46|1776,148,64,200,147,147,147|2220,-40,160,32,49,58,77
T7_TREE|7|3033|505,-192,524,-44,60,47,46|1010,-228,920,-256,84,77,77|1515,-176,312,208,29,22,22|2020,-216,260,-132,58,44,37|2525,-144,700,140,58,44,37
T4_TREE|4|2721|453,-196,416,-244,53,48,48|906,-160,384,256,34,32,31|1359,-164,260,-64,78,77,59|1812,-176,276,200,56,51,51|2265,-248,932,216,92,73,96
T7_ORE|7|2040|340,200,36,-220,56,54,51|680,-120,144,-8,82,80,75|1020,-112,160,60,56,54,51|1360,-36,132,140,56,54,51|1700,-112,84,-184,157,157,157
T6_TREE|6|2715|452,-188,460,72,60,53,46|904,-228,744,208,146,158,81|1356,-168,688,88,55,70,72|1808,-204,416,24,57,72,75|2260,-176,296,4,56,51,51
T8_HERB|8|2106|351,16,648,36,121,117,77|702,-44,4,4,38,47,36|1053,32,640,8,95,88,60|1404,132,32,-244,147,147,147|1755,128,92,156,147,147,147
V2|T9_TREE|9|3105|108,888,416|78,71,62|23,0,0,0,1,0,0,0|5,9,7,3|126
V2|T2_TREE|2|2433|112,972,508|73,76,68|24,0,0,0,0,0,0,0|8,5,6,5|120
V2|T4_ORE|4|2034|484,484,484|78,76,75|19,0,0,0,0,0,0,5|8,8,6,2|168
T10_TREE|10|2484|414,-172,0,68,54,41,46|828,-216,552,-248,56,54,51|1242,-172,640,160,86,65,72|1656,-192,772,-248,72,68,66|2070,-228,844,200,92,60,95
T1_HERB|1|2310|385,36,400,-84,81,91,106|770,-80,16,-36,105,118,138|1155,-56,424,-16,99,111,129|1540,-236,40,-92,147,147,147|1925,-172,68,80,47,37,30
T8_TREE|8|2094|349,-192,280,-36,47,46,43|698,-256,248,60,111,106,101|1047,-172,348,256,72,68,66|1396,-188,648,-44,61,58,56|1745,-200,576,116,69,89,27
T9_TREE|9|3105|517,-180,1105,-100,82,57,42|1034,-196,1175,-56,34,44,33|1551,-208,1082,-104,42,54,41|2068,-180,1101,96,50,47,46|2585,-180,1105,-100,74,72,68
T5_TREE|5|2169|361,-192,572,0,41,39,37|722,-188,700,-256,111,106,101|1083,-192,1192,76,30,29,28|1444,-188,1044,60,56,53,51|1805,-220,1436,-176,88,100,63
T1_TREE|1|1815|302,-152,417,52,54,41,43|604,-204,746,244,56,54,51|906,-196,715,-32,69,53,55|1208,-228,1159,228,135,177,164|1510,-228,1419,252,64,62,58
T3_HERB|3|2391|398,4,184,-16,86,93,71|796,-108,32,-92,54,48,63|1194,20,52,236,147,147,147|1592,-124,132,-8,93,98,75|1990,60,548,120,97,106,81
T6_ORE|6|2097|349,160,100,-60,64,62,58|698,-104,172,172,69,67,63|1047,112,248,56,50,49,46|1396,28,312,112,101,100,52|1745,244,20,244,157,157,157
T7_TREE|7|2316|386,-236,260,256,100,96,92|772,-192,784,212,61,58,56|1158,-188,864,40,64,61,58|1544,-216,420,92,110,69,45|1930,-172,640,-160,71,54,45
T10_DINO|10|3012|502,216,404,28,47,41,54|1004,0,644,244,60,53,69|1506,-168,552,16,47,41,54|2008,80,620,144,47,41,54|2510,48,176,-528,47,41,54
T5_TREE|5|2169|361,-192,212,0,41,39,37|722,-188,348,-256,111,106,101|1083,-192,832,76,30,29,28|1444,-188,692,60,56,53,51|1805,-220,1024,-176,88,100,63
V2|T9_TREE|9|3093|100,836,512|66,66,54|24,0,0,0,0,0,0,0|10,8,4,2|116
V2|T10_TREE|10|2496|80,856,512|86,66,73|23,0,0,0,0,1,0,0|4,5,5,10|116
V2|T6_ORE|6|2097|500,444,492|91,90,79|18,0,0,0,0,0,0,6|14,2,5,3|198
T5_ORE|5|1995|332,48,4,-180,56,54,51|664,-88,296,-16,77,75,70|996,140,152,92,50,49,46|1328,60,364,108,77,72,79|1660,8,4,-256,157,157,157
T2_DINO|2|3012|502,0,272,-536,92,96,73|1004,52,228,-572,107,117,113|1506,8,420,-400,75,78,59|2008,-16,488,356,75,78,59|2510,48,176,-528,75,78,59
T2_TREE|2|2430|405,-172,772,-256,69,67,53|810,-184,712,-184,96,94,73|1215,-168,64,108,53,54,41|1620,-212,524,12,79,103,91|2025,-204,208,-124,30,30,28
T7_TREE|7|2316|386,-204,216,-76,54,47,28|772,-188,400,-60,103,92,79|1158,-204,664,88,74,56,47|1544,-216,540,-248,50,49,46|1930,-172,896,-196,92,70,58
T4_HERB|4|2328|388,-12,496,32,59,68,43|776,-96,60,52,91,46,37|1164,80,384,-52,126,54,38|1552,-68,144,72,0,0,0|1940,-192,88,52,147,147,147
V2|T9_TREE|9|2907|148,976,396|63,51,42|22,0,0,0,2,0,0,0|3,12,3,6|105
V2|T1_TREE|1|1899|148,1000,512|63,59,56|22,0,2,0,0,0,0,0|6,5,6,7|113
V2|T8_TREE|8|1926|164,1000,500|64,58,47|23,0,0,0,0,0,1,0|6,5,9,4|122
V2|T7_TREE|7|3033|92,928,512|55,47,39|24,0,0,0,0,0,0,0|6,11,2,5|131
T6_TREE|6|2442|407,-140,476,244,51,39,42|814,-132,176,-56,33,27,25|1221,-172,48,84,31,39,40|1628,-164,380,140,51,49,39|2035,-116,896,-140,69,88,91
T3_ORE|3|2154|359,-40,52,-200,53,48,48|718,184,124,88,47,43,43|1077,44,204,124,66,61,61|1436,56,244,120,62,45,25|1795,-84,96,224,182,30,16
T2_ORE|2|2151|358,60,0,168,30,28,28|716,72,328,36,30,28,28|1074,4,388,48,74,68,68|1432,-188,56,-60,48,52,53|1790,4,64,216,182,30,16
T1_HERB|1|2310|385,104,284,-72,79,89,103|770,20,392,-76,88,99,115|1155,144,84,-172,50,47,46|1540,-64,88,-196,147,147,147|1925,-172,68,80,47,37,30
V2|T1_HERB|1|2310|476,400,372|85,91,89|17,1,0,0,0,0,0,6|12,4,3,5|141
V2|T9_TREE|9|3228|132,992,500|65,58,50|23,0,0,0,1,0,0,0|2,10,4,8|136
V2|T10_HERB|10|2664|492,772,464|76,91,95|14,0,0,2,2,0,1,5|10,6,4,4|143
V2|T4_TREE|4|2721|84,936,512|68,62,59|24,0,0,0,0,0,0,0|6,3,4,11|100
V2|T1_ORE|1|2112|460,312,472|70,65,69|19,0,0,0,0,0,0,5|7,5,9,3|162
V2|T4_TREE|4|1809|104,960,504|80,73,69|23,0,0,0,0,0,0,1|4,6,6,8|136
T7_DINO|7|3012|502,0,272,-536,65,54,41|1004,52,228,-572,72,89,56|1506,8,420,-400,39,33,25|2008,-16,488,356,39,33,25|2510,48,176,-528,39,33,25
T9_TREE|9|2106|351,-192,444,72,30,30,28|702,-260,240,160,98,88,75|1053,-188,640,-136,69,60,53|1404,-192,896,-76,69,60,53|1755,-224,184,-116,69,89,27
T5_TREE|5|2193|365,-180,256,248,33,33,25|730,-172,348,-160,120,109,92|1095,-192,832,-248,47,42,36|1460,-200,432,-108,108,96,83|1825,-232,372,124,106,121,77
T10_TREE|10|2496|416,-216,673,-60,91,69,77|832,-188,784,248,84,82,77|1248,-172,962,160,86,65,72|1664,-196,715,164,111,108,101|2080,-228,1295,164,100,65,103
T6_TREE|6|2193|365,-192,148,-52,46,58,60|730,-172,432,256,63,60,48|1095,-176,544,100,61,78,80|1460,-188,348,-256,111,108,101|1825,-236,728,-204,101,79,52
V2|T1_TREE|1|1824|88,924,504|78,76,70|23,0,0,0,0,0,0,1|8,2,6,8|123
V2|T5_ORE|5|1995|412,324,456|90,89,88|18,0,0,0,0,0,0,6|10,3,5,6|149
V2|T1_TREE|1|1815|92,1024,496|74,84,85|20,2,0,1,0,0,0,1|6,5,5,8|124
T5_TREE|5|2199|366,-192,352,104,145,156,158|732,-188,348,-160,95,118,124|1098,-192,772,-248,56,85,89|1464,-188,624,72,51,76,80|1830,-208,340,76,106,121,77
V2|T5_TREE|5|2169|112,744,512|75,81,65|21,0,2,0,1,0,0,0|7,3,10,4|131
T1_TREE|1|1815|302,-152,132,52,54,41,43|604,-204,364,244,56,54,51|906,-196,348,-32,69,53,55|1208,-228,732,228,135,177,164|1510,-228,992,252,64,62,58
V2|T5_TREE|5|2193|128,992,424|80,84,67|21,0,1,0,0,0,1,1|4,8,7,5|101
V2|T10_TREE|10|2484|72,868,504|86,68,77|22,0,0,0,0,0,1,1|6,2,6,10|122
V2|T6_TREE|6|2193|72,1000,508|81,81,69|20,0,0,0,1,0,2,1|6,2,9,7|124
V2|T2_TREE|2|2430|92,992,440|84,81,68|20,0,0,0,2,0,2,0|7,6,6,5|115
V2|T10_TREE|10|2496|80,945,512|86,66,73|23,0,0,0,0,1,0,0|3,6,8,7|116
V2|T3_TREE|3|2574|80,940,424|72,75,72|22,0,1,0,0,0,1,0|8,3,7,6|108
V2|T9_TREE|9|2106|72,908,496|80,73,63|22,0,0,0,0,0,1,1|5,6,8,5|122
V2|T7_TREE|7|2316|88,972,500|77,68,50|24,0,0,0,0,0,0,0|5,6,3,10|111
V2|T1_HERB|1|2310|384,432,456|71,76,73|18,1,0,0,0,0,0,5|12,4,3,5|135
V2|T1_TREE|1|1815|108,976,512|73,71,68|23,0,0,0,1,0,0,0|8,3,6,7|94
V2|T3_HERB|3|2391|440,596,444|93,90,89|19,0,0,0,0,0,0,5|13,3,3,5|127
V2|T9_TREE|9|3105|108,1038,416|78,71,62|23,0,0,0,1,0,0,0|3,15,4,2|126
V2|T8_TREE|8|2094|116,896,460|79,73,67|22,0,0,0,0,0,1,1|4,8,7,5|115
V2|T7_TREE|7|2316|92,984,504|73,67,52|24,0,0,0,0,0,0,0|4,5,6,9|137
V2|T4_ORE|4|2115|468,436,416|89,67,65|18,0,0,0,3,0,0,3|12,2,3,7|177
V2|T3_ORE|3|2154|451,512,452|92,66,59|17,0,0,0,4,0,0,3|11,4,5,4|195
V2|T6_TREE|6|2442|108,976,480|60,59,50|22,0,0,0,0,0,1,1|6,4,9,5|113
V2|T2_ORE|2|2151|411,320,452|87,67,65|18,0,0,0,3,0,0,3|9,3,5,7|161
V2|T8_ORE|8|2157|499,544,464|88,68,68|18,0,0,0,3,0,0,3|11,2,5,6|158
V2|T7_ORE|7|2040|456,384,440|80,78,77|20,0,0,0,0,0,0,4|11,6,4,3|169
V2|T3_TREE|3|3264|116,972,436|60,64,63|22,0,2,0,0,0,0,0|7,8,5,4|93
V2|T6_TREE|6|2715|92,916,496|61,63,56|24,0,0,0,0,0,0,0|5,10,0,9|115
V2|T6_TREE|6|2196|88,1024,512|63,72,74|22,0,0,0,1,0,0,1|6,3,6,9|135
V2|T5_TREE|5|2199|112,952,492|72,88,79|21,0,1,1,0,0,0,1|7,5,8,4|121
V2|T4_HERB|4|2328|468,576,444|75,65,57|17,0,0,0,2,0,0,5|17,1,2,4|159
V2|LARGE_CHEST|0|1908|488,460,464|104,101,91|17,0,0,0,0,0,3,4|9,5,2,8|196
V2|T8_TREE|8|2109|96,984,512|76,84,82|21,0,0,2,0,0,0,1|7,4,10,3|109
V2|T9_TREE_3|9|2907|148,976,396|64,52,43|22,0,0,0,2,0,0,0|3,12,3,6|105
V2|T4_TREE|4|1800|92,980,500|78,70,73|23,0,0,0,0,1,0,0|3,5,9,7|117
T2_TREE|2|2421|403,-252,320,-148,146,155,160|806,-200,408,-92,60,87,95|1209,-168,552,56,41,50,54|1612,-200,416,-136,73,107,116|2015,-236,988,0,86,80,54
T6_ORE|6|2097|349,160,100,-60,65,63,60|698,-104,172,172,70,69,64|1047,112,248,56,51,50,47|1396,28,312,112,102,102,53|1745,244,20,244,157,157,157
V2|T2_TREE|2|2421|92,884,496|75,82,77|21,0,1,1,0,0,0,1|7,6,8,3|143
T2_HERB|2|2451|408,-68,52,-56,114,113,72|816,-68,52,-56,131,130,83|1224,-256,0,68,147,147,147|1632,96,88,-140,65,75,86|2040,28,408,40,48,54,34
T3_ORE|3|2085|347,-4,148,-176,53,48,48|694,80,192,112,41,37,37|1041,52,448,-68,58,54,53|1388,160,240,80,120,88,48|1735,96,88,-212,157,157,157
T5_TREE|5|2514|419,-236,660,-44,88,100,63|838,-192,460,-232,41,37,37|1257,-220,28,-64,84,86,54|1676,-196,948,144,83,76,63|2095,-140,104,60,61,56,56
T6_ORE|6|2097|349,-200,0,192,50,49,46|698,96,252,-56,81,79,75|1047,-192,112,56,56,54,51|1396,-104,232,216,101,100,52|1745,116,48,228,157,157,157
T2_ORE|2|2094|349,128,264,28,58,54,53|698,-52,324,80,64,59,58|1047,-32,344,100,64,59,58|1396,152,220,-16,58,63,64|1745,116,48,228,157,157,157
T3_HERB|3|2391|398,4,184,-16,86,93,71|796,-108,32,-92,54,48,63|1194,244,32,172,147,147,147|1592,-96,576,20,74,80,61|1990,136,528,68,97,106,81
T4_ORE|4|2034|339,16,128,-208,58,54,53|678,164,0,156,58,54,53|1017,-224,60,-72,58,54,53|1356,-88,352,-16,79,73,72|1695,-160,92,172,157,157,157
T8_TREE|8|2358|393,-176,868,160,61,56,56|786,-164,636,-104,88,80,67|1179,-164,820,120,113,103,86|1572,-196,952,-160,83,76,63|1965,-200,244,256,50,47,46
T2_TREE|2|2892|482,-200,244,256,47,45,43|964,-216,376,76,115,110,105|1446,-196,560,248,49,50,46|1928,-164,976,-8,47,43,46|2410,-184,32,28,58,48,36
V2|T2_ORE|2|2094|448,348,404|73,71,72|19,0,0,0,0,0,0,5|11,6,3,4|156
V2|T2_HERB|2|2451|440,532,512|83,88,67|16,0,0,0,0,0,4,4|12,5,4,3|148
T6_HERB|6|2352|392,56,64,16,52,36,15|784,-232,44,-172,53,50,48|1176,-168,68,104,147,147,147|1568,36,324,40,146,115,59|1960,-172,236,-44,165,130,67
V2|T6_HERB|6|2352|404,508,492|122,100,68|10,0,0,0,6,0,3,5|14,4,2,4|141
V2|T7_TREE_2|7|2562|160,964,504|55,46,35|24,0,0,0,0,0,0,0|5,4,6,9|123
T5_HERB|5|2373|395,-128,316,80,56,74,39|790,-120,304,76,38,39,49|1185,100,220,-20,77,88,67|1580,76,88,16,48,64,33|1975,-192,88,52,147,147,147
T5_TREE|5|2199|366,-192,352,104,146,158,159|732,-188,348,-160,97,120,126|1098,-192,772,-248,58,87,91|1464,-188,624,72,52,78,82|1830,-208,340,76,108,123,79
T1_HERB|1|2334|389,4,348,-96,56,63,73|778,-60,384,36,77,86,100|1167,-36,348,64,113,127,148|1556,-160,44,-216,48,46,44|1945,176,68,-180,157,157,157
T6_ORE|6|2154|359,184,0,124,65,64,60|718,-68,172,180,51,50,47|1077,0,436,88,51,50,47|1436,84,480,192,103,102,53|1795,-84,96,224,183,31,16
T5_ORE|5|2052|342,-116,180,12,57,56,52|684,56,120,120,42,41,38|1026,-68,316,52,57,56,52|1368,-84,308,104,78,74,81|1710,4,64,216,183,31,16
T8_HERB|8|2106|351,24,720,8,149,142,77|702,8,104,100,61,82,52|1053,16,160,-100,0,0,0|1404,84,52,224,42,40,38|1755,12,92,168,147,147,147
V2|T8_HERB|8|2106|488,684,508|77,80,69|17,0,0,0,0,0,0,7|16,2,1,5|142
T8_TREE|8|2109|351,-192,712,-104,151,163,165|702,-192,560,-16,47,61,62|1053,-188,968,-40,98,89,75|1404,-192,1056,224,63,81,82|1755,-196,1047,-140,116,126,97
T6_ORE|6|2097|349,160,100,-60,65,64,60|698,-104,172,172,71,69,65|1047,112,248,56,51,50,47|1396,28,312,112,103,102,53|1745,244,20,244,157,157,157
T5_HERB|5|2373|395,-128,316,80,56,74,38|790,-120,304,76,37,39,49|1185,100,220,-20,77,87,67|1580,76,88,16,48,63,33|1975,-192,88,52,147,147,147
V2|T1_TREE|1|1815|92,1024,496|75,86,86|18,1,1,2,1,0,0,1|6,5,5,8|124
V2|T4_ORE|4|2034|444,352,448|79,77,76|19,0,0,0,0,0,0,5|9,4,4,7|173
T8_DINO|8|3012|502,0,304,-488,56,60,55|1004,80,620,144,95,124,104|1506,36,176,-512,45,49,44|2008,-76,372,-364,71,76,70|2510,48,176,-528,45,49,44
V2|T5_HERB|5|2373|500,504,468|78,86,72|19,0,0,0,0,0,0,5|11,4,6,3|139
